,data
0,0.0
1,0.0
2,0.0
3,0.0
4,0.0
5,0.0
6,0.0
7,0.0
8,0.0
9,0.0
10,0.0100582
11,0.01013384
12,0.01177467
13,0.01781644
14,0.01660337
15,0.02034318
16,0.01974242
17,0.01589632
18,0.01004763
19,0.009964742
20,0.0
21,0.01067246
22,0.009988809
23,0.01005222
24,0.009969547
25,0.009960267
26,0.009964729
27,0.01271397
28,0.0169851
29,0.03521417
30,0.01766581
31,0.01326139
32,0.01077494
33,0.01044571
34,0.02252416
35,0.01363544
36,0.01857051
37,0.01059211
38,0.01024336
39,0.01006053
40,0.01042487
41,0.01357585
42,0.01050618
43,0.01216304
44,0.01782753
45,0.01896638
46,0.01008345
47,0.02387336
48,0.01702156
49,0.01879541
50,0.01424174
51,0.01029889
52,0.009920075
53,0.0
54,0.0
55,0.01067246
56,0.009998289
57,0.009965815
58,0.01021991
59,0.01105169
60,0.01376219
61,0.01716927
62,0.02714361
63,0.02869877
64,0.03195482
65,0.02063692
66,0.01584853
67,0.01129849
68,0.01008976
69,0.01022164
70,0.01023368
71,0.01506026
72,0.03272003
73,0.03213419
74,0.03511086
75,0.02583167
76,0.0208923
77,0.04714666
78,0.04410074
79,0.01575028
80,0.01079806
81,0.01365185
82,0.03322416
83,0.02674942
84,0.01625152
85,0.01644528
86,0.01128714
87,0.01298598
88,0.01079831
89,0.03447978
90,0.01033458
91,0.009968922
92,0.009968152
93,0.009966063
94,0.0
95,0.0
96,0.0
